0.000000000000000000e+00, 9.909919255867523022e-03
1.000000000000000056e-01, 1.012137809559155062e-02
2.000000000000000111e-01, 1.037895577546381863e-02
3.000000000000000444e-01, 1.062984121716429101e-02
4.000000000000000222e-01, 1.088885524166826116e-02
5.000000000000000000e-01, 1.114076402000779842e-02
6.000000000000000888e-01, 1.140475962359486541e-02
7.000000000000000666e-01, 1.165776319992408924e-02
8.000000000000000444e-01, 1.194698960304788928e-02
9.000000000000000222e-01, 1.224638900119861401e-02
1.000000000000000000e+00, 1.250748330060184182e-02
1.100000000000000089e+00, 1.283246028039178831e-02
1.200000000000000178e+00, 1.309671403236834300e-02
1.300000000000000044e+00, 1.342078017605606403e-02
1.400000000000000133e+00, 1.371880733574514996e-02
1.500000000000000000e+00, 1.408863259786639899e-02
1.600000000000000089e+00, 1.437840745526489973e-02
1.700000000000000178e+00, 1.474559411431052361e-02
1.800000000000000044e+00, 1.508122290490509013e-02
1.900000000000000133e+00, 1.546816128080431840e-02
2.000000000000000000e+00, 1.576942974301358269e-02
2.100000000000000089e+00, 1.620450466698258873e-02
2.200000000000000178e+00, 1.659420888348582188e-02
2.300000000000000266e+00, 1.695361368133907823e-02
2.400000000000000355e+00, 1.730423144512345177e-02
2.500000000000000000e+00, 1.776550143263488576e-02
2.600000000000000089e+00, 1.814934338610652703e-02
2.700000000000000178e+00, 1.860920837436711925e-02
2.800000000000000266e+00, 1.905412201576656833e-02
2.900000000000000355e+00, 1.949071816220596109e-02
3.000000000000000000e+00, 1.991925948578131267e-02
3.100000000000000089e+00, 2.038674514499752566e-02
3.200000000000000178e+00, 2.092754223913706468e-02
3.300000000000000266e+00, 2.140305117637623239e-02
3.400000000000000355e+00, 2.184433217729498874e-02
3.500000000000000000e+00, 2.235295113840228207e-02
3.600000000000000089e+00, 2.298781945000652471e-02
3.700000000000000178e+00, 2.347407744300553448e-02
3.800000000000000266e+00, 2.402806583457771372e-02
3.900000000000000355e+00, 2.461014147772722441e-02
4.000000000000000000e+00, 2.514579934561024174e-02
4.100000000000000533e+00, 2.580337305226853076e-02
4.200000000000000178e+00, 2.630311176218628685e-02
4.299999999999999822e+00, 2.699298839851904316e-02
4.400000000000000355e+00, 2.745213154532925512e-02
4.500000000000000000e+00, 2.820585413182253795e-02
4.600000000000000533e+00, 2.882982763806133525e-02
4.700000000000000178e+00, 2.966532439270708893e-02
4.800000000000000711e+00, 3.020160899534328133e-02
4.900000000000000355e+00, 3.098307774762593808e-02
5.000000000000000000e+00, 3.172094436894613845e-02
5.100000000000000533e+00, 3.240378654539782105e-02
5.200000000000000178e+00, 3.311814156621603611e-02
5.300000000000000711e+00, 3.395284241625207838e-02
5.400000000000000355e+00, 3.457022032116538468e-02
5.500000000000000000e+00, 3.536631518692701093e-02
5.600000000000000533e+00, 3.611931143264390798e-02
5.700000000000000178e+00, 3.703823921078570891e-02
5.800000000000000711e+00, 3.810367115984177738e-02
5.900000000000000355e+00, 3.885863601435730202e-02
6.000000000000000000e+00, 3.966815461177970736e-02
6.100000000000000533e+00, 4.068417100392753005e-02
6.200000000000000178e+00, 4.178807509591594277e-02
6.300000000000000711e+00, 4.276805799261473168e-02
6.400000000000000355e+00, 4.362823967006276143e-02
6.500000000000000000e+00, 4.472667301889853703e-02
6.600000000000000533e+00, 4.531060211472207055e-02
6.700000000000000178e+00, 4.686637639582540149e-02
6.800000000000000711e+00, 4.746629903195528910e-02
6.900000000000000355e+00, 4.864104132661948438e-02
7.000000000000000000e+00, 4.984471705116110679e-02
7.100000000000000533e+00, 5.130097384094423757e-02
7.200000000000000178e+00, 5.250700148026476305e-02
7.300000000000000711e+00, 5.340407526306771568e-02
7.400000000000000355e+00, 5.443433821347475055e-02
7.500000000000000000e+00, 5.575531007468554484e-02
7.600000000000000533e+00, 5.723418936330434970e-02
7.700000000000000178e+00, 5.801185397973284558e-02
7.800000000000000711e+00, 5.951050627644069446e-02
7.900000000000000355e+00, 6.053845041864589632e-02
8.000000000000000000e+00, 6.201731610218097490e-02
8.099999999999999645e+00, 6.414024288327954681e-02
8.200000000000001066e+00, 6.568691711055890670e-02
8.300000000000000711e+00, 6.666036798227190086e-02
8.400000000000000355e+00, 6.821869706109896792e-02
8.500000000000000000e+00, 7.025379264645115196e-02
8.599999999999999645e+00, 7.172153935496045074e-02
8.700000000000001066e+00, 7.262955781341386141e-02
8.800000000000000711e+00, 7.395933587937875142e-02
8.900000000000000355e+00, 7.552388426321919590e-02
9.000000000000000000e+00, 7.702057546805092525e-02
9.099999999999999645e+00, 7.904708136014371167e-02
9.200000000000001066e+00, 8.019966748798126877e-02
9.300000000000000711e+00, 8.281959738433457285e-02
9.400000000000000355e+00, 8.435195788300180186e-02
9.500000000000000000e+00, 8.691798381234860926e-02
9.600000000000001421e+00, 8.835708840233102990e-02
9.700000000000001066e+00, 9.124268722791654962e-02
9.800000000000000711e+00, 9.311000037708787314e-02
9.900000000000000355e+00, 9.402610445759149171e-02
1.000000000000000000e+01, 9.592260545394021287e-02
1.010000000000000142e+01, 9.983842684724918148e-02
1.020000000000000107e+01, 1.000805387512648525e-01
1.030000000000000071e+01, 1.026221772765513324e-01
1.040000000000000036e+01, 1.054053067736447219e-01
1.050000000000000000e+01, 1.069593865882143557e-01
1.060000000000000142e+01, 1.105701585314977226e-01
1.070000000000000107e+01, 1.105347177275167875e-01
1.080000000000000071e+01, 1.145445893729659520e-01
1.090000000000000036e+01, 1.172648211625678671e-01
1.100000000000000000e+01, 1.196983300168469461e-01
1.110000000000000142e+01, 1.202689842684960542e-01
1.120000000000000107e+01, 1.243509940396376745e-01
1.130000000000000071e+01, 1.244972815760507501e-01
1.140000000000000036e+01, 1.282459884051590226e-01
1.150000000000000000e+01, 1.332546664682388027e-01
1.160000000000000142e+01, 1.333934692237888353e-01
1.170000000000000107e+01, 1.370130618102977371e-01
1.180000000000000071e+01, 1.412354085142282778e-01
1.190000000000000036e+01, 1.420851121911754222e-01
1.200000000000000000e+01, 1.489631942164384437e-01
1.210000000000000142e+01, 1.480192547329323982e-01
1.220000000000000107e+01, 1.516686500683118166e-01
1.230000000000000071e+01, 1.549609441843672053e-01
1.240000000000000036e+01, 1.577865829913511764e-01
1.250000000000000000e+01, 1.641836750615994489e-01
1.260000000000000142e+01, 1.671733304897591865e-01
1.270000000000000107e+01, 1.644769872381544873e-01
1.280000000000000071e+01, 1.713911807417025923e-01
1.290000000000000036e+01, 1.732985646406094982e-01
1.300000000000000000e+01, 1.744426524478318585e-01
1.310000000000000142e+01, 1.838348010673386546e-01
1.320000000000000107e+01, 1.860730638529930758e-01
1.330000000000000071e+01, 1.932715908127925764e-01
1.340000000000000036e+01, 1.950737526332735894e-01
1.350000000000000000e+01, 1.946907553011198722e-01
1.360000000000000142e+01, 2.005183301832104137e-01
1.370000000000000107e+01, 2.063138749432092134e-01
1.380000000000000071e+01, 2.100732910196620729e-01
1.390000000000000036e+01, 2.117445568200375661e-01
1.400000000000000000e+01, 2.120379645137379365e-01
1.410000000000000142e+01, 2.157672369115290201e-01
1.420000000000000107e+01, 2.236627256367622330e-01
1.430000000000000071e+01, 2.284509346707269406e-01
1.440000000000000036e+01, 2.343701613557595265e-01
1.450000000000000000e+01, 2.354344515742561594e-01
1.460000000000000142e+01, 2.405555024112121243e-01
1.470000000000000107e+01, 2.543408792724829448e-01
1.480000000000000071e+01, 2.422676214515125936e-01
1.490000000000000036e+01, 2.517248338877421387e-01
1.500000000000000000e+01, 2.660395738084997408e-01
1.510000000000000142e+01, 2.641313603253243047e-01
1.520000000000000107e+01, 2.624298044321020096e-01
1.530000000000000071e+01, 2.653903685486811437e-01
1.540000000000000036e+01, 2.847437877379824234e-01
1.550000000000000000e+01, 2.880594255073513632e-01
1.560000000000000142e+01, 2.765063352766474747e-01
1.570000000000000107e+01, 2.818831107537411174e-01
1.580000000000000071e+01, 3.066610560922649054e-01
1.590000000000000036e+01, 3.046252878725020929e-01
1.600000000000000000e+01, 3.037902132047043402e-01
1.610000000000000142e+01, 3.177845604799758306e-01
1.619999999999999929e+01, 3.311104804761179077e-01
1.630000000000000071e+01, 3.088032472309599763e-01
1.640000000000000213e+01, 3.157039796733112635e-01
1.650000000000000000e+01, 3.249440226713722901e-01
1.660000000000000142e+01, 3.547167155030336305e-01
1.669999999999999929e+01, 3.367655761281505011e-01
1.680000000000000071e+01, 3.360926964667805272e-01
1.690000000000000213e+01, 3.606596056033788966e-01
1.700000000000000000e+01, 3.700476822271741573e-01
1.710000000000000142e+01, 3.509528085986128865e-01
1.719999999999999929e+01, 3.670754315729498618e-01
1.730000000000000071e+01, 3.631321969374657899e-01
1.740000000000000213e+01, 3.679804666005477287e-01
1.750000000000000000e+01, 4.021962485779673746e-01
1.760000000000000142e+01, 3.755387171159495496e-01
1.769999999999999929e+01, 3.822685585926099416e-01
1.780000000000000071e+01, 4.201840831216063221e-01
1.790000000000000213e+01, 3.896897379529772332e-01
1.800000000000000000e+01, 4.364295952300281112e-01
1.810000000000000142e+01, 4.445522669901533219e-01
1.819999999999999929e+01, 4.013503875407691823e-01
1.830000000000000071e+01, 4.252901813197111913e-01
1.840000000000000213e+01, 4.610337083602423780e-01
1.850000000000000000e+01, 4.329159284330215129e-01
1.860000000000000142e+01, 4.354850316774241392e-01
1.869999999999999929e+01, 4.384382949002356145e-01
1.880000000000000071e+01, 4.443147688999792844e-01
1.890000000000000213e+01, 4.661711906042367293e-01
1.900000000000000000e+01, 4.798241918847733767e-01
1.910000000000000142e+01, 4.865030401908972957e-01
1.920000000000000284e+01, 4.599344065098647238e-01
1.930000000000000071e+01, 5.182645501963343282e-01
1.940000000000000213e+01, 5.245242923028957671e-01
1.950000000000000000e+01, 5.326880214030331739e-01
1.960000000000000142e+01, 5.250823761786784782e-01
1.970000000000000284e+01, 5.112761213580420128e-01
1.980000000000000071e+01, 5.190442282574347921e-01
1.990000000000000213e+01, 5.323238420734237586e-01
2.000000000000000000e+01, 5.735061749680631094e-01
2.010000000000000142e+01, 5.186365516562322364e-01
2.020000000000000284e+01, 5.506028692580374750e-01
2.030000000000000071e+01, 5.422137520288883294e-01
2.040000000000000213e+01, 5.848597814611457002e-01
2.050000000000000000e+01, 5.722912049233143117e-01
2.060000000000000142e+01, 6.122349075174291499e-01
2.070000000000000284e+01, 5.707208867433246624e-01
2.080000000000000071e+01, 5.872774603421064832e-01
2.090000000000000213e+01, 5.518590972968696606e-01
2.100000000000000000e+01, 5.922919607145558096e-01
2.110000000000000142e+01, 5.857978639460439396e-01
2.120000000000000284e+01, 5.780672677896829814e-01
2.130000000000000071e+01, 6.325813520793296396e-01
2.140000000000000213e+01, 5.667040205735790481e-01
2.150000000000000000e+01, 5.990604143569048246e-01
2.160000000000000142e+01, 5.745536178943981831e-01
2.170000000000000284e+01, 6.159212960733797537e-01
2.180000000000000071e+01, 6.202613408051236288e-01
2.190000000000000213e+01, 6.729615702600786342e-01
2.200000000000000000e+01, 5.949279822042612409e-01
2.210000000000000142e+01, 6.980906420118038191e-01
2.220000000000000284e+01, 7.014090938284742727e-01
2.230000000000000071e+01, 7.138159822123277820e-01
2.240000000000000213e+01, 7.117575862446872126e-01
2.250000000000000000e+01, 6.259412777884408863e-01
2.260000000000000142e+01, 6.251204093111052407e-01
2.270000000000000284e+01, 6.951789807799777510e-01
2.280000000000000071e+01, 6.383196878383992079e-01
2.290000000000000213e+01, 7.105024329138884820e-01
2.300000000000000000e+01, 7.655426381832927119e-01
2.310000000000000142e+01, 7.514681015474433678e-01
2.320000000000000284e+01, 7.746856710087002273e-01
2.330000000000000071e+01, 7.592757043486244584e-01
2.340000000000000213e+01, 8.043824805892446639e-01
2.350000000000000000e+01, 7.445195276369651616e-01
2.360000000000000142e+01, 7.098851100881781173e-01
2.370000000000000284e+01, 8.039733061396587832e-01
2.380000000000000071e+01, 7.277343091260646268e-01
2.390000000000000213e+01, 7.870663884457416160e-01
2.400000000000000000e+01, 8.261002174749374483e-01
2.410000000000000142e+01, 7.455273957041823607e-01
2.420000000000000284e+01, 7.985946249876687553e-01
2.430000000000000071e+01, 8.029872984252468537e-01
2.440000000000000213e+01, 8.240119647809787118e-01
2.450000000000000000e+01, 7.408293738737949941e-01
2.460000000000000142e+01, 7.187682292588041255e-01
2.470000000000000284e+01, 6.967831544390054033e-01
2.480000000000000071e+01, 7.606395850317801965e-01
2.490000000000000213e+01, 7.432260581311348480e-01
2.500000000000000000e+01, 7.798939559890054607e-01
2.510000000000000142e+01, 8.447183250510722496e-01
2.520000000000000284e+01, 8.665983795894469655e-01
2.530000000000000071e+01, 7.633919918602958266e-01
2.540000000000000213e+01, 8.873216912652435173e-01
2.550000000000000000e+01, 7.605142922393484106e-01
2.560000000000000142e+01, 8.367408943098944007e-01
2.570000000000000284e+01, 7.585522700404245811e-01
2.580000000000000071e+01, 7.896646364701618293e-01
2.590000000000000213e+01, 8.127668008486199636e-01
2.600000000000000000e+01, 8.011376658732239919e-01
2.610000000000000142e+01, 8.090841646621989014e-01
2.620000000000000284e+01, 8.341004890114199766e-01
2.630000000000000071e+01, 9.349692554279007695e-01
2.640000000000000213e+01, 9.022343549545785990e-01
2.650000000000000000e+01, 8.431523275335895962e-01
2.660000000000000142e+01, 9.269764035022262094e-01
2.670000000000000284e+01, 8.760669728397544320e-01
2.680000000000000071e+01, 8.359698780353056469e-01
2.690000000000000213e+01, 9.425583714467703489e-01
2.700000000000000000e+01, 8.839291792277550464e-01
2.710000000000000142e+01, 9.214363356417965001e-01
2.720000000000000284e+01, 9.450015537146141398e-01
2.730000000000000071e+01, 7.812531128468758190e-01
2.740000000000000213e+01, 9.084286308898690265e-01
2.750000000000000000e+01, 9.695762984084139724e-01
2.760000000000000142e+01, 8.643190386253893909e-01
2.770000000000000284e+01, 8.116354175731589349e-01
2.780000000000000071e+01, 9.218339111798422580e-01
2.790000000000000213e+01, 9.496417686766382982e-01
2.800000000000000000e+01, 8.379148861560440364e-01
2.810000000000000142e+01, 8.604551497660314352e-01
2.820000000000000284e+01, 8.366839582832207300e-01
2.830000000000000071e+01, 9.169195365129892972e-01
2.840000000000000213e+01, 9.448397369677252744e-01
2.850000000000000000e+01, 8.829721839732749267e-01
2.860000000000000142e+01, 7.923035937079959679e-01
2.870000000000000284e+01, 8.382084036885000256e-01
2.880000000000000071e+01, 8.952577273075557063e-01
2.890000000000000213e+01, 8.057416123901863791e-01
2.900000000000000000e+01, 9.600460983617852273e-01
2.910000000000000142e+01, 8.775571384096719774e-01
2.920000000000000284e+01, 9.123366973480415698e-01
2.930000000000000071e+01, 1.013487624177057400e+00
2.940000000000000213e+01, 8.469886245802177305e-01
2.950000000000000000e+01, 9.523307079385709972e-01
2.960000000000000142e+01, 8.181534035879823863e-01
2.970000000000000284e+01, 9.478492792504498166e-01
2.980000000000000071e+01, 8.918906182904468016e-01
2.990000000000000213e+01, 9.245376179345122791e-01
3.000000000000000000e+01, 9.445537145374834909e-01
3.010000000000000142e+01, 8.148454041560968530e-01
3.020000000000000284e+01, 8.963967328434343518e-01
3.030000000000000071e+01, 1.016260859061223876e+00
3.040000000000000213e+01, 8.623783820951985701e-01
3.050000000000000000e+01, 9.626865501892891697e-01
3.060000000000000142e+01, 8.719150660240182482e-01
3.070000000000000284e+01, 8.551662055030325726e-01
3.080000000000000071e+01, 8.642063209186963135e-01
3.090000000000000213e+01, 8.903282074986853534e-01
3.100000000000000000e+01, 9.936726327182362484e-01
3.110000000000000142e+01, 9.991308734213929510e-01
3.120000000000000284e+01, 1.095718767740456734e+00
3.130000000000000071e+01, 1.079705907858992342e+00
3.140000000000000213e+01, 1.002107714106306169e+00
3.150000000000000000e+01, 8.756978001954023316e-01
3.160000000000000142e+01, 1.041433851213123152e+00
3.170000000000000284e+01, 1.017354496689998999e+00
3.180000000000000071e+01, 8.412380731267450340e-01
3.190000000000000213e+01, 9.007100669234638923e-01
3.200000000000000000e+01, 9.444568716568338962e-01
3.210000000000000142e+01, 1.062688513882957153e+00
3.220000000000000284e+01, 9.523996818348533511e-01
3.230000000000000426e+01, 1.053221223292733155e+00
3.239999999999999858e+01, 8.390235855935491704e-01
3.250000000000000000e+01, 1.061676252305238988e+00
3.260000000000000142e+01, 9.283134528995488077e-01
3.270000000000000284e+01, 8.882743051011613433e-01
3.280000000000000426e+01, 8.783061544640603513e-01
3.289999999999999858e+01, 9.425757368754612564e-01
3.300000000000000000e+01, 1.020851141396513784e+00
3.310000000000000142e+01, 9.296151514893461476e-01
3.320000000000000284e+01, 9.062786156106857893e-01
3.330000000000000426e+01, 1.077125114561475971e+00
3.339999999999999858e+01, 1.105283673983892934e+00
3.350000000000000000e+01, 1.055590520722182069e+00
3.360000000000000142e+01, 1.023671496653386637e+00
3.370000000000000284e+01, 1.032727482783620143e+00
3.380000000000000426e+01, 1.114177760109788862e+00
3.389999999999999858e+01, 9.139800154865961312e-01
3.400000000000000000e+01, 8.598549733323815891e-01
3.410000000000000142e+01, 9.592736600093783039e-01
3.420000000000000284e+01, 1.051412702797961174e+00
3.430000000000000426e+01, 8.618159090369356123e-01
3.439999999999999858e+01, 1.102446399074564765e+00
3.450000000000000000e+01, 1.029280997317052249e+00
3.460000000000000142e+01, 9.446300108707265109e-01
3.470000000000000284e+01, 9.303195947109983432e-01
3.480000000000000426e+01, 9.409124443019231121e-01
3.489999999999999858e+01, 1.065093450258345342e+00
3.500000000000000000e+01, 1.116034869732161816e+00
3.510000000000000142e+01, 9.192755527724547626e-01
3.520000000000000284e+01, 8.543789328324042920e-01
3.530000000000000426e+01, 8.623701914273388391e-01
3.539999999999999858e+01, 1.015676984909781755e+00
3.550000000000000000e+01, 8.566534259022453579e-01
3.560000000000000142e+01, 9.540770232715224397e-01
3.570000000000000284e+01, 8.692756812060792315e-01
3.580000000000000426e+01, 1.035964371152615415e+00
3.589999999999999858e+01, 8.706945811972326421e-01
3.600000000000000000e+01, 9.334058087009253768e-01
3.610000000000000142e+01, 9.339311069353524175e-01
3.620000000000000284e+01, 9.817670090707530939e-01
3.630000000000000426e+01, 1.094216615167187268e+00
3.639999999999999858e+01, 1.106394017497223548e+00
3.650000000000000000e+01, 1.127892762546389704e+00
3.660000000000000142e+01, 1.023451863001471951e+00
3.670000000000000284e+01, 9.866885923974678674e-01
3.680000000000000426e+01, 1.042900041470417039e+00
3.689999999999999858e+01, 9.319801088481809437e-01
3.700000000000000000e+01, 1.098876258563403319e+00
3.710000000000000142e+01, 9.380519195056242765e-01
3.720000000000000284e+01, 1.091095607801784606e+00
3.730000000000000426e+01, 1.139875012291164724e+00
3.739999999999999858e+01, 9.491615958689527677e-01
3.750000000000000000e+01, 1.087483156278070906e+00
3.760000000000000142e+01, 1.047214795477884985e+00
3.770000000000000284e+01, 9.026567965452420017e-01
3.780000000000000426e+01, 1.073775434304122589e+00
3.789999999999999858e+01, 1.076188820562487880e+00
3.800000000000000000e+01, 1.122753300865596104e+00
3.810000000000000142e+01, 8.679238542933825906e-01
3.820000000000000284e+01, 9.479834816142230780e-01
3.830000000000000426e+01, 9.615425068457238433e-01
3.840000000000000568e+01, 1.154534408944257962e+00
3.850000000000000000e+01, 1.050266782488491701e+00
3.860000000000000142e+01, 1.078026566683401688e+00
3.870000000000000284e+01, 9.340592513446446254e-01
3.880000000000000426e+01, 1.074479066691453211e+00
3.890000000000000568e+01, 9.472550937989149267e-01
3.900000000000000000e+01, 8.908925144918866668e-01
3.910000000000000142e+01, 1.084711330631914050e+00
3.920000000000000284e+01, 1.065492613247490228e+00
3.930000000000000426e+01, 1.029078892951710289e+00
3.940000000000000568e+01, 9.971741143676187136e-01
3.950000000000000000e+01, 1.126382135813631225e+00
3.960000000000000142e+01, 9.049685041328270341e-01
3.970000000000000284e+01, 9.239630795183703116e-01
3.980000000000000426e+01, 1.115479861728654987e+00
3.990000000000000568e+01, 9.116486073053934325e-01
4.000000000000000000e+01, 1.144778693522470858e+00
4.010000000000000142e+01, 1.057047933529821515e+00
4.020000000000000284e+01, 9.970068160721853312e-01
4.030000000000000426e+01, 9.469331789706076918e-01
4.040000000000000568e+01, 1.119342133489568125e+00
4.050000000000000000e+01, 8.875794333720437024e-01
4.060000000000000142e+01, 1.045909965033863465e+00
4.070000000000000284e+01, 1.028135186642107568e+00
4.080000000000000426e+01, 9.922673667036737699e-01
4.090000000000000568e+01, 1.076913687259548169e+00
4.100000000000000000e+01, 9.813102323393502191e-01
4.110000000000000142e+01, 1.037988781637515290e+00
4.120000000000000284e+01, 1.084005074688393133e+00
4.130000000000000426e+01, 8.762580325691723404e-01
4.140000000000000568e+01, 9.772605999029041479e-01
4.150000000000000000e+01, 9.702017627468263461e-01
4.160000000000000142e+01, 1.056214361980577943e+00
4.170000000000000284e+01, 1.009657412232316309e+00
4.180000000000000426e+01, 1.057249561826862472e+00
4.190000000000000568e+01, 1.091884299217319665e+00
4.200000000000000000e+01, 8.682172172866496895e-01
4.210000000000000142e+01, 1.081718625228631270e+00
4.220000000000000284e+01, 9.413396403938893986e-01
4.230000000000000426e+01, 1.117922781909337138e+00
4.240000000000000568e+01, 9.271774240936735412e-01
4.250000000000000000e+01, 1.034453352370805712e+00
4.260000000000000142e+01, 1.047521244312156652e+00
4.270000000000000284e+01, 9.012461224929113612e-01
4.280000000000000426e+01, 1.111982148783761781e+00
4.290000000000000568e+01, 9.357688234289535112e-01
4.300000000000000000e+01, 1.035766200681575322e+00
4.310000000000000142e+01, 1.117334861192459172e+00
4.320000000000000284e+01, 9.062316481710166460e-01
4.330000000000000426e+01, 1.074311521731314389e+00
4.340000000000000568e+01, 9.972802797104418637e-01
4.350000000000000000e+01, 1.109406956249776810e+00
4.360000000000000142e+01, 1.155799183078607406e+00
4.370000000000000284e+01, 1.058619567027422548e+00
4.380000000000000426e+01, 9.426414775871105878e-01
4.390000000000000568e+01, 9.335718029192223710e-01
4.400000000000000000e+01, 9.998513493859770840e-01
4.410000000000000142e+01, 8.859676992183034283e-01
4.420000000000000284e+01, 1.062459215792567191e+00
4.430000000000000426e+01, 1.026450235525917520e+00
4.440000000000000568e+01, 1.002194919268937001e+00
4.450000000000000000e+01, 8.779046787692632581e-01
4.460000000000000142e+01, 9.775698368564356144e-01
4.470000000000000284e+01, 9.652902129931948405e-01
4.480000000000000426e+01, 8.827770783521290410e-01
4.490000000000000568e+01, 9.267307811424015940e-01
4.500000000000000000e+01, 8.731192992705001377e-01
4.510000000000000142e+01, 1.094924135922966224e+00
4.520000000000000284e+01, 8.996542550013979511e-01
4.530000000000000426e+01, 1.066042617553013327e+00
4.540000000000000568e+01, 1.128743250885497318e+00
4.550000000000000000e+01, 9.736372499294436711e-01
4.560000000000000142e+01, 8.797515328728714445e-01
4.570000000000000284e+01, 1.149605267480646953e+00
4.580000000000000426e+01, 1.011855794116768514e+00
4.590000000000000568e+01, 8.699810223401681641e-01
4.600000000000000000e+01, 8.698235386587614970e-01
4.610000000000000142e+01, 1.075892877911699408e+00
4.620000000000000284e+01, 1.083898119224004253e+00
4.630000000000000426e+01, 1.055485582846223513e+00
4.640000000000000568e+01, 9.884516648775767411e-01
4.650000000000000000e+01, 9.890380899270759807e-01
4.660000000000000142e+01, 1.034514440580318606e+00
4.670000000000000284e+01, 9.599789366099135135e-01
4.680000000000000426e+01, 9.491729873546072005e-01
4.690000000000000568e+01, 1.084061915553603095e+00
4.700000000000000000e+01, 9.808590376085494222e-01
4.710000000000000142e+01, 9.497666576099869085e-01
4.720000000000000284e+01, 1.007698271738619811e+00
4.730000000000000426e+01, 8.864571928090023700e-01
4.740000000000000568e+01, 9.951456200059333179e-01
4.750000000000000000e+01, 1.029101199364858443e+00
4.760000000000000142e+01, 1.123033542491316261e+00
4.770000000000000284e+01, 1.015026597469379510e+00
4.780000000000000426e+01, 1.131819791347041582e+00
4.790000000000000568e+01, 8.829444964178011501e-01
4.800000000000000000e+01, 8.786527987216689040e-01
4.810000000000000142e+01, 8.804034866516182722e-01
4.820000000000000284e+01, 9.844757972569628812e-01
4.830000000000000426e+01, 9.083431792094687207e-01
4.840000000000000568e+01, 8.743148171760908305e-01
4.850000000000000000e+01, 1.102905798422682437e+00
4.860000000000000142e+01, 1.167473618321748452e+00
4.870000000000000284e+01, 1.027044031740688368e+00
4.880000000000000426e+01, 9.306096598093630545e-01
4.890000000000000568e+01, 1.136061296445782576e+00
4.900000000000000000e+01, 1.032819121364856096e+00
4.910000000000000142e+01, 1.085936715456648161e+00
4.920000000000000284e+01, 9.811605634282440924e-01
4.930000000000000426e+01, 9.115018825444736184e-01
4.940000000000000568e+01, 9.455217112691557402e-01
4.950000000000000000e+01, 9.207932139429693130e-01
4.960000000000000142e+01, 8.830289239546840196e-01
4.970000000000000284e+01, 8.918353600901789413e-01
4.980000000000000426e+01, 9.875737313769840098e-01
4.990000000000000568e+01, 1.152619505611611528e+00
5.000000000000000000e+01, 9.274600443697703644e-01
5.010000000000000142e+01, 8.732505180618812535e-01
5.020000000000000284e+01, 1.026727096476832690e+00
5.030000000000000426e+01, 9.154845492753975744e-01
5.040000000000000568e+01, 9.419073667861597166e-01
5.050000000000000000e+01, 1.138163792731923696e+00
5.060000000000000142e+01, 9.285570199542773073e-01
5.070000000000000284e+01, 9.273683649664483664e-01
5.080000000000000426e+01, 1.166495263415593397e+00
5.090000000000000568e+01, 8.976185529743779812e-01
5.100000000000000000e+01, 1.094762714747730126e+00
5.110000000000000142e+01, 1.133961719919453381e+00
5.120000000000000284e+01, 1.000195382939256472e+00
5.130000000000000426e+01, 9.973587839180616532e-01
5.140000000000000568e+01, 1.085241829452567197e+00
5.150000000000000000e+01, 1.093326802343072668e+00
5.160000000000000142e+01, 1.118255864120647702e+00
5.170000000000000284e+01, 1.089189715606835307e+00
5.180000000000000426e+01, 1.017819942911445619e+00
5.190000000000000568e+01, 9.186504353862033900e-01
5.200000000000000000e+01, 9.076057645940374119e-01
5.210000000000000142e+01, 1.110571574534405803e+00
5.220000000000000284e+01, 1.102043627419005523e+00
5.230000000000000426e+01, 1.078021351714639975e+00
5.240000000000000568e+01, 9.537483799672678009e-01
5.250000000000000000e+01, 8.884015732625120121e-01
5.260000000000000142e+01, 8.752638447205088879e-01
5.270000000000000284e+01, 9.515292968956717834e-01
5.280000000000000426e+01, 8.742857105179503430e-01
5.290000000000000568e+01, 1.090997699556671696e+00
5.300000000000000000e+01, 9.644860972470553628e-01
5.310000000000000142e+01, 1.037278205092579730e+00
5.320000000000000284e+01, 1.053916358439401568e+00
5.330000000000000426e+01, 9.849469342347308976e-01
5.340000000000000568e+01, 1.123846009265621948e+00
5.350000000000000000e+01, 1.045621971093141145e+00
5.360000000000000142e+01, 1.029987400158539179e+00
5.370000000000000284e+01, 1.151937284470194056e+00
5.380000000000000426e+01, 9.209655937938715509e-01
5.390000000000000568e+01, 9.292808383156808683e-01
5.400000000000000000e+01, 9.599731015733170558e-01
5.410000000000000142e+01, 1.144512878668593636e+00
5.420000000000000284e+01, 9.687683236094063455e-01
5.430000000000000426e+01, 1.009165500200932319e+00
5.440000000000000568e+01, 1.131441209456239383e+00
5.450000000000000000e+01, 8.909591941467996934e-01
5.460000000000000142e+01, 8.797678947448198672e-01
5.470000000000000284e+01, 1.129424231300355963e+00
5.480000000000000426e+01, 1.174486354926205012e+00
5.490000000000000568e+01, 9.396663414569533801e-01
5.500000000000000000e+01, 9.440655746150377059e-01
5.510000000000000142e+01, 1.025842620347500844e+00
5.520000000000000284e+01, 1.155060212788557861e+00
5.530000000000000426e+01, 1.020397403302023998e+00
5.540000000000000568e+01, 8.756439400465303446e-01
5.550000000000000000e+01, 1.089457272146767242e+00
5.560000000000000142e+01, 9.333238988237934075e-01
5.570000000000000284e+01, 9.236984894605814178e-01
5.580000000000000426e+01, 9.430569224698699404e-01
5.590000000000000568e+01, 1.076335298501130966e+00
5.600000000000000000e+01, 9.571919842910403542e-01
5.610000000000000142e+01, 8.694888908354111434e-01
5.620000000000000284e+01, 9.545452152566423765e-01
5.630000000000000426e+01, 1.158192990322367999e+00
5.640000000000000568e+01, 9.221913841543888379e-01
5.650000000000000000e+01, 9.122623659911645033e-01
5.660000000000000142e+01, 1.159727737242660872e+00
5.670000000000000284e+01, 1.090644351592304773e+00
5.680000000000000426e+01, 8.992271145175415592e-01
5.690000000000000568e+01, 9.121574826999558905e-01
5.700000000000000000e+01, 1.011337971888673026e+00
5.710000000000000142e+01, 8.789199963580873742e-01
5.720000000000000284e+01, 1.080400420731205235e+00
5.730000000000000426e+01, 9.830224842011492381e-01
5.740000000000000568e+01, 8.736429562787845216e-01
5.750000000000000000e+01, 1.067149382842759175e+00
5.760000000000000142e+01, 1.062191287254717453e+00
5.770000000000000284e+01, 1.042833997613996644e+00
5.780000000000000426e+01, 9.178869212758682394e-01
5.790000000000000568e+01, 1.147985786331211511e+00
5.800000000000000000e+01, 1.127584735099317337e+00
5.810000000000000142e+01, 1.057596078559151165e+00
5.820000000000000284e+01, 1.016100517909100054e+00
5.830000000000000426e+01, 8.874737344868235400e-01
5.840000000000000568e+01, 1.070388992008199924e+00
5.850000000000000000e+01, 8.900259622507814550e-01
5.860000000000000142e+01, 9.813661560822627417e-01
5.870000000000000284e+01, 1.109273749583372881e+00
5.880000000000000426e+01, 9.258774838199002044e-01
5.890000000000000568e+01, 9.222421102999323050e-01
5.900000000000000000e+01, 9.578129327100094459e-01
5.910000000000000142e+01, 1.057549932175023466e+00
5.920000000000000284e+01, 1.153336140339617177e+00
5.930000000000000426e+01, 1.155024930963038710e+00
5.940000000000000568e+01, 9.057830221259292047e-01
5.950000000000000000e+01, 1.175588331118964103e+00
5.960000000000000142e+01, 8.922352533501464178e-01
5.970000000000000284e+01, 9.609550910697314263e-01
5.980000000000000426e+01, 9.191518832220673119e-01
5.990000000000000568e+01, 1.095974719393178365e+00
6.000000000000000000e+01, 1.164965313490432752e+00
6.010000000000000142e+01, 1.056556060975088362e+00
6.020000000000000284e+01, 1.117750475411631417e+00
6.030000000000000426e+01, 1.060163150574526369e+00
6.040000000000000568e+01, 1.084363483596945787e+00
6.050000000000000000e+01, 9.374359877724283141e-01
6.060000000000000142e+01, 1.082011636215945094e+00
6.070000000000000284e+01, 9.512480514712472468e-01
6.080000000000000426e+01, 9.974888391730950543e-01
6.090000000000000568e+01, 8.831059566097182456e-01
6.100000000000000000e+01, 1.093384745756414089e+00
6.110000000000000142e+01, 9.311371411403324139e-01
6.120000000000000284e+01, 9.735693872913357971e-01
6.130000000000000426e+01, 9.626980884942513139e-01
6.140000000000000568e+01, 1.063931800535355299e+00
6.150000000000000000e+01, 9.919182873757732555e-01
6.160000000000000142e+01, 1.161936850548891842e+00
6.170000000000000284e+01, 1.060118336159863173e+00
6.180000000000000426e+01, 1.155638240067535349e+00
6.190000000000000568e+01, 1.143102840963101219e+00
6.200000000000000000e+01, 1.082975486271235521e+00
6.210000000000000142e+01, 1.030494553716139849e+00
6.220000000000000284e+01, 9.301602835422713156e-01
6.230000000000000426e+01, 8.914575604098206041e-01
6.240000000000000568e+01, 9.864263397399449795e-01
6.250000000000000000e+01, 9.494638174346878845e-01
6.260000000000000142e+01, 9.235296059209269215e-01
6.270000000000000284e+01, 1.043519476015090985e+00
6.280000000000000426e+01, 1.052749483064601366e+00
6.290000000000000568e+01, 9.766629787627312265e-01
6.300000000000000000e+01, 8.991484759078776090e-01
6.310000000000000142e+01, 9.030069837915233322e-01
6.320000000000000284e+01, 9.466087601500852156e-01
6.330000000000000426e+01, 1.068174685566458004e+00
6.340000000000000568e+01, 1.076167347835835564e+00
6.350000000000000000e+01, 1.025149890441269251e+00
6.360000000000000142e+01, 9.804107893249004446e-01
6.370000000000000284e+01, 9.819928901075360983e-01
6.380000000000000426e+01, 9.115671463668069130e-01
6.390000000000000568e+01, 8.817084994851437374e-01
6.400000000000000000e+01, 1.167763934848341068e+00
6.410000000000000853e+01, 8.792160305445881896e-01
6.420000000000000284e+01, 1.087587034304094979e+00
6.429999999999999716e+01, 9.003591052695011365e-01
6.440000000000000568e+01, 8.931838667527933762e-01
6.450000000000000000e+01, 1.152988798207607246e+00
6.460000000000000853e+01, 9.621163654844651081e-01
6.470000000000000284e+01, 9.690883711021148761e-01
6.479999999999999716e+01, 1.079514751432542052e+00
6.490000000000000568e+01, 1.063635294514536866e+00
6.500000000000000000e+01, 1.091892310092121621e+00
6.510000000000000853e+01, 9.969780052833360218e-01
6.520000000000000284e+01, 1.078677981610988157e+00
6.529999999999999716e+01, 9.898772765143561969e-01
6.540000000000000568e+01, 1.053808390484203716e+00
6.550000000000000000e+01, 1.089644872783493978e+00
6.560000000000000853e+01, 1.023231941202974671e+00
6.570000000000000284e+01, 1.140861096101544403e+00
6.579999999999999716e+01, 1.040310382081155671e+00
6.590000000000000568e+01, 1.162942921662873719e+00
6.600000000000000000e+01, 9.530652706505270411e-01
6.610000000000000853e+01, 9.356917856652100518e-01
6.620000000000000284e+01, 1.136268673768241255e+00
6.629999999999999716e+01, 9.186098704916809687e-01
6.640000000000000568e+01, 8.799925946143852817e-01
6.650000000000000000e+01, 9.348669569512042532e-01
6.660000000000000853e+01, 9.075941991256533115e-01
6.670000000000000284e+01, 9.544865259665478163e-01
6.679999999999999716e+01, 1.127946450138386236e+00
6.690000000000000568e+01, 9.203210035069651074e-01
6.700000000000000000e+01, 1.129563741475209770e+00
6.710000000000000853e+01, 9.244092758766327966e-01
6.720000000000000284e+01, 1.117262286750487776e+00
6.729999999999999716e+01, 1.080029193101352369e+00
6.740000000000000568e+01, 1.043917061296601778e+00
6.750000000000000000e+01, 1.132233071333860641e+00
6.760000000000000853e+01, 9.018885978285369198e-01
6.770000000000000284e+01, 9.285337096582708671e-01
6.779999999999999716e+01, 9.961715719703664318e-01
6.790000000000000568e+01, 9.418737608738892986e-01
6.800000000000000000e+01, 9.141340432612919953e-01
6.810000000000000853e+01, 1.097416004353903629e+00
6.820000000000000284e+01, 9.807498179157310148e-01
6.829999999999999716e+01, 8.775080861914753561e-01
6.840000000000000568e+01, 9.559176874681315494e-01
6.850000000000000000e+01, 1.086826235081174818e+00
6.860000000000000853e+01, 1.049828622964702696e+00
6.870000000000000284e+01, 9.209434657959163495e-01
6.879999999999999716e+01, 1.158838735194038128e+00
6.890000000000000568e+01, 9.661829389968169535e-01
6.900000000000000000e+01, 9.565000675975027233e-01
6.910000000000000853e+01, 8.939278061042177370e-01
6.920000000000000284e+01, 9.441906715135557349e-01
6.929999999999999716e+01, 1.074059018506123619e+00
6.940000000000000568e+01, 1.066665342489514945e+00
6.950000000000000000e+01, 1.019222215987782398e+00
6.960000000000000853e+01, 1.065604861033671247e+00
6.970000000000000284e+01, 8.767469289682889855e-01
6.979999999999999716e+01, 1.083603651428128645e+00
6.990000000000000568e+01, 8.972720973362856567e-01
7.000000000000000000e+01, 1.038044640556529119e+00
7.010000000000000853e+01, 1.133579352598863776e+00
7.020000000000000284e+01, 8.865675386373389477e-01
7.029999999999999716e+01, 1.080842951450951883e+00
7.040000000000000568e+01, 1.114522556694709676e+00
7.050000000000000000e+01, 1.058370904209571028e+00
7.060000000000000853e+01, 1.109908708086881024e+00
7.070000000000000284e+01, 9.104405158579502721e-01
7.079999999999999716e+01, 9.587186900131571266e-01
7.090000000000000568e+01, 1.047959907135448399e+00
7.100000000000000000e+01, 1.088540557228369066e+00
7.110000000000000853e+01, 1.131899378158474745e+00
7.120000000000000284e+01, 9.941993750299124022e-01
7.129999999999999716e+01, 8.731695133063218650e-01
7.140000000000000568e+01, 9.359495938620722155e-01
7.150000000000000000e+01, 1.065780236185758234e+00
7.160000000000000853e+01, 8.748728263600590305e-01
7.170000000000000284e+01, 1.141830905407308139e+00
7.179999999999999716e+01, 9.085053551741054667e-01
7.190000000000000568e+01, 8.921980701659919522e-01
7.200000000000000000e+01, 1.104911278701699695e+00
7.210000000000000853e+01, 9.880542683681128313e-01
7.220000000000000284e+01, 1.070584991967896471e+00
7.229999999999999716e+01, 9.271916427561339713e-01
7.240000000000000568e+01, 9.661333150294310057e-01
7.250000000000000000e+01, 1.085521339278709085e+00
7.260000000000000853e+01, 1.108044898623863794e+00
7.270000000000000284e+01, 1.015942868262962762e+00
7.279999999999999716e+01, 1.091050070758537771e+00
7.290000000000000568e+01, 9.636379700600464782e-01
7.300000000000000000e+01, 1.096332845348998664e+00
7.310000000000000853e+01, 9.577619102543579732e-01
7.320000000000000284e+01, 1.089810304163943533e+00
7.329999999999999716e+01, 1.082283825913845199e+00
7.340000000000000568e+01, 9.554813488580343739e-01
7.350000000000000000e+01, 1.032769773721258444e+00
7.360000000000000853e+01, 9.254285844451248799e-01
7.370000000000000284e+01, 1.146692023437340779e+00
7.379999999999999716e+01, 9.805584614480582495e-01
7.390000000000000568e+01, 8.774689035849554397e-01
7.400000000000000000e+01, 9.065876206275024218e-01
7.410000000000000853e+01, 1.124820650612333495e+00
7.420000000000000284e+01, 1.031074514077533699e+00
7.429999999999999716e+01, 9.865486415811541843e-01
7.440000000000000568e+01, 9.355829476530654887e-01
7.450000000000000000e+01, 1.175656141464848314e+00
7.460000000000000853e+01, 9.459572346914392194e-01
7.470000000000000284e+01, 8.765942835229434404e-01
7.479999999999999716e+01, 9.012894090602366903e-01
7.490000000000000568e+01, 1.028801492562319231e+00
7.500000000000000000e+01, 1.056161616748353183e+00
7.510000000000000853e+01, 1.047385876827810813e+00
7.520000000000000284e+01, 1.071782446413461987e+00
7.529999999999999716e+01, 9.995456020851659629e-01
7.540000000000000568e+01, 1.062163167118140628e+00
7.550000000000000000e+01, 9.630193272836214957e-01
7.560000000000000853e+01, 8.778589997308134940e-01
7.570000000000000284e+01, 1.046950986179667087e+00
7.579999999999999716e+01, 1.156845123873828207e+00
7.590000000000000568e+01, 8.725623786509709712e-01
7.600000000000000000e+01, 1.037415038481647400e+00
7.610000000000000853e+01, 9.842589526342707673e-01
7.620000000000000284e+01, 1.073766950190919500e+00
7.629999999999999716e+01, 9.351036808054259408e-01
7.640000000000000568e+01, 9.804440947166255249e-01
7.650000000000000000e+01, 8.827169027218320085e-01
7.660000000000000853e+01, 1.115281784026066036e+00
7.670000000000000284e+01, 9.105461782516630631e-01
7.680000000000001137e+01, 1.121303526917665883e+00
7.690000000000000568e+01, 1.112745182664904631e+00
7.700000000000000000e+01, 9.519928987224329786e-01
7.710000000000000853e+01, 8.953182219799269426e-01
7.720000000000000284e+01, 1.069623303087541277e+00
7.730000000000001137e+01, 1.069050879563043788e+00
7.740000000000000568e+01, 1.063435001757823573e+00
7.750000000000000000e+01, 1.138112759841498400e+00
7.760000000000000853e+01, 8.747559243807430107e-01
7.770000000000000284e+01, 1.085745642206574768e+00
7.780000000000001137e+01, 9.726932290158374350e-01
7.790000000000000568e+01, 9.891353907764368625e-01
7.800000000000000000e+01, 9.066076195817098782e-01
7.810000000000000853e+01, 9.121975029091596854e-01
7.820000000000000284e+01, 9.537600897369756803e-01
7.830000000000001137e+01, 1.018235033908141407e+00
7.840000000000000568e+01, 9.360484923396726886e-01
7.850000000000000000e+01, 9.563048465082994998e-01
7.860000000000000853e+01, 9.413793766699500853e-01
7.870000000000000284e+01, 9.162931272811604133e-01
7.880000000000001137e+01, 9.351663678979360572e-01
7.890000000000000568e+01, 1.170135292267342919e+00
7.900000000000000000e+01, 8.880334480844842560e-01
7.910000000000000853e+01, 1.066200915571390739e+00
7.920000000000000284e+01, 1.117907894082631470e+00
7.930000000000001137e+01, 1.063207513809283578e+00
7.940000000000000568e+01, 1.048936207294583811e+00
7.950000000000000000e+01, 8.947635179948613127e-01
7.960000000000000853e+01, 1.165138896050840200e+00
7.970000000000000284e+01, 9.211327890872512691e-01
7.980000000000001137e+01, 1.064732934311093393e+00
7.990000000000000568e+01, 9.670953920124809589e-01
8.000000000000000000e+01, 9.220291458893035141e-01
8.010000000000000853e+01, 1.003941371007045502e+00
8.020000000000000284e+01, 1.106122491637400396e+00
8.030000000000001137e+01, 9.145191916230517304e-01
8.040000000000000568e+01, 9.029537758515345791e-01
8.050000000000000000e+01, 9.819900978900458766e-01
8.060000000000000853e+01, 1.043871730976494883e+00
8.070000000000000284e+01, 1.110184714670895634e+00
8.080000000000001137e+01, 9.590728011909520623e-01
8.090000000000000568e+01, 8.921170443448488419e-01
8.100000000000000000e+01, 1.143491620665831876e+00
8.110000000000000853e+01, 9.048669133949841514e-01
8.120000000000000284e+01, 8.937951290629382317e-01
8.130000000000001137e+01, 1.145448623410565414e+00
8.140000000000000568e+01, 9.593046527617069552e-01
8.150000000000000000e+01, 1.010058511573638240e+00
8.160000000000000853e+01, 1.050147368158820038e+00
8.170000000000000284e+01, 9.629339892556223468e-01
8.180000000000001137e+01, 9.658255406296012424e-01
8.190000000000000568e+01, 9.358793657364503638e-01
8.200000000000000000e+01, 1.141882512890852519e+00
8.210000000000000853e+01, 8.986166383243318068e-01
8.220000000000000284e+01, 1.043425441677273025e+00
8.230000000000001137e+01, 9.219985707667636143e-01
8.240000000000000568e+01, 1.038251768985329448e+00
8.250000000000000000e+01, 1.083076079105872447e+00
8.260000000000000853e+01, 9.798121720719450423e-01
8.270000000000000284e+01, 1.149464452989290786e+00
8.280000000000001137e+01, 9.839571898683203699e-01
8.290000000000000568e+01, 9.347091042337057898e-01
8.300000000000000000e+01, 1.071937723442346835e+00
8.310000000000000853e+01, 1.005912236041141883e+00
8.320000000000000284e+01, 1.042547788395234099e+00
8.330000000000001137e+01, 1.123516919937785019e+00
8.340000000000000568e+01, 1.078566366363840290e+00
8.350000000000000000e+01, 1.008765951516908954e+00
8.360000000000000853e+01, 9.191170680126032888e-01
8.370000000000000284e+01, 8.890474483193570032e-01
8.380000000000001137e+01, 9.869874058675198736e-01
8.390000000000000568e+01, 9.145569340480108611e-01
8.400000000000000000e+01, 9.707519146170503488e-01
8.410000000000000853e+01, 9.250190409979994755e-01
8.420000000000000284e+01, 1.035175534121537622e+00
8.430000000000001137e+01, 8.916777982606087782e-01
8.440000000000000568e+01, 1.174879488495015556e+00
8.450000000000000000e+01, 8.805292447236140463e-01
8.460000000000000853e+01, 1.049852017423728467e+00
8.470000000000000284e+01, 1.117218044726515869e+00
8.480000000000001137e+01, 9.558250026997957560e-01
8.490000000000000568e+01, 1.006477076506361978e+00
8.500000000000000000e+01, 9.900255486542013372e-01
8.510000000000000853e+01, 1.079788089298131526e+00
8.520000000000000284e+01, 9.366401089117896150e-01
8.530000000000001137e+01, 9.795761304036323391e-01
8.540000000000000568e+01, 1.007090642825364535e+00
8.550000000000000000e+01, 1.140334955709003228e+00
8.560000000000000853e+01, 1.014971705079968034e+00
8.570000000000000284e+01, 9.766886664981886401e-01
8.580000000000001137e+01, 1.035841675977566378e+00
8.590000000000000568e+01, 1.129892419717489549e+00
8.600000000000000000e+01, 8.851914851857373145e-01
8.610000000000000853e+01, 9.165723519924129370e-01
8.620000000000000284e+01, 1.129613761910148284e+00
8.630000000000001137e+01, 9.441105021756154292e-01
8.640000000000000568e+01, 1.075217480260443281e+00
8.650000000000000000e+01, 1.092452050008090314e+00
8.660000000000000853e+01, 1.083065651344593761e+00
8.670000000000000284e+01, 1.068485150005126894e+00
8.680000000000001137e+01, 1.130010504140982697e+00
8.690000000000000568e+01, 8.936340973355288986e-01
8.700000000000000000e+01, 1.032046424509822424e+00
8.710000000000000853e+01, 1.143725122059114030e+00
8.720000000000000284e+01, 1.069130129368376370e+00
8.730000000000001137e+01, 1.086167207632721565e+00
8.740000000000000568e+01, 1.071083221517696638e+00
8.750000000000000000e+01, 9.343741803297243020e-01
8.760000000000000853e+01, 8.881297330983162208e-01
8.770000000000000284e+01, 8.887577718087250611e-01
8.780000000000001137e+01, 9.476636904297888186e-01
8.790000000000000568e+01, 8.863813897486555460e-01
8.800000000000000000e+01, 9.511585751720080806e-01
8.810000000000000853e+01, 1.095153297884975840e+00
8.820000000000000284e+01, 1.045296037551449286e+00
8.830000000000001137e+01, 9.339680497091322753e-01
8.840000000000000568e+01, 8.950324881163811419e-01
8.850000000000000000e+01, 9.191471988161550311e-01
8.860000000000000853e+01, 8.860068390873861999e-01
8.870000000000000284e+01, 1.068728173192372122e+00
8.880000000000001137e+01, 9.834353453006889900e-01
8.890000000000000568e+01, 1.104907063212202889e+00
8.900000000000000000e+01, 1.039976523220421223e+00
8.910000000000000853e+01, 9.211816214558652405e-01
8.920000000000000284e+01, 9.636323483376495469e-01
8.930000000000001137e+01, 9.160373192413463483e-01
8.940000000000000568e+01, 1.114882789678754760e+00
8.950000000000000000e+01, 9.072730006032956318e-01
8.960000000000000853e+01, 1.060352563744076049e+00
8.970000000000000284e+01, 8.861685198023770971e-01
8.980000000000001137e+01, 1.068903251565853418e+00
8.990000000000000568e+01, 1.129017213853027668e+00
9.000000000000000000e+01, 9.340675543202605624e-01
9.010000000000000853e+01, 1.073026716193383301e+00
9.020000000000000284e+01, 1.150388919382464792e+00
9.030000000000001137e+01, 1.152022130128466992e+00
9.040000000000000568e+01, 1.009703474691704406e+00
9.050000000000000000e+01, 8.825344903836360722e-01
9.060000000000000853e+01, 1.110415074734057983e+00
9.070000000000000284e+01, 1.176450636754200696e+00
9.080000000000001137e+01, 8.727742313661601692e-01
9.090000000000000568e+01, 1.005792920391451517e+00
9.100000000000000000e+01, 8.971474461217761043e-01
9.110000000000000853e+01, 1.017642819260988540e+00
9.120000000000000284e+01, 8.743279170735898109e-01
9.130000000000001137e+01, 8.953711813911846562e-01
9.140000000000000568e+01, 1.011177405923973094e+00
9.150000000000000000e+01, 1.104604763573255655e+00
9.160000000000000853e+01, 1.122363156451661848e+00
9.170000000000000284e+01, 9.553242260068625091e-01
9.180000000000001137e+01, 9.498876677503109711e-01
9.190000000000000568e+01, 1.062396812640651556e+00
9.200000000000000000e+01, 1.018843928588809566e+00
9.210000000000000853e+01, 1.020159552970951955e+00
9.220000000000000284e+01, 1.086463901203140292e+00
9.230000000000001137e+01, 1.043230170554015679e+00
9.240000000000000568e+01, 1.020696388428314894e+00
9.250000000000000000e+01, 9.258764039364392184e-01
9.260000000000000853e+01, 9.019905343196839009e-01
9.270000000000000284e+01, 8.865876389466389451e-01
9.280000000000001137e+01, 1.075203027135280154e+00
9.290000000000000568e+01, 1.014619002710837270e+00
9.300000000000000000e+01, 8.708143527396452477e-01
9.310000000000000853e+01, 1.095022562314014403e+00
9.320000000000000284e+01, 9.783911314454994956e-01
9.330000000000001137e+01, 1.063460709070350951e+00
9.340000000000000568e+01, 1.102362209055401054e+00
9.350000000000000000e+01, 1.055673783970747293e+00
9.360000000000000853e+01, 1.069426039161628372e+00
9.370000000000000284e+01, 9.031861148696311847e-01
9.380000000000001137e+01, 1.111270704309619051e+00
9.390000000000000568e+01, 8.835801319644270846e-01
9.400000000000000000e+01, 9.168791042401756020e-01
9.410000000000000853e+01, 1.065627363602654754e+00
9.420000000000000284e+01, 1.150890389460612617e+00
9.430000000000001137e+01, 1.017654664844183765e+00
9.440000000000000568e+01, 1.175545937812922270e+00
9.450000000000000000e+01, 9.132880231764072265e-01
9.460000000000000853e+01, 8.969814400413944622e-01
9.470000000000000284e+01, 8.743187776243344089e-01
9.480000000000001137e+01, 9.518588732219318560e-01
9.490000000000000568e+01, 8.802222840726657838e-01
9.500000000000000000e+01, 9.479309322983511255e-01
9.510000000000000853e+01, 1.025351987218669603e+00
9.520000000000000284e+01, 1.103127662436330869e+00
9.530000000000001137e+01, 9.289901363683003011e-01
9.540000000000000568e+01, 9.683429474011390203e-01
9.550000000000000000e+01, 9.032962210020279992e-01
9.560000000000000853e+01, 1.011822029654624533e+00
9.570000000000000284e+01, 8.732638367157610215e-01
9.580000000000001137e+01, 1.170069254300367012e+00
9.590000000000000568e+01, 1.104149143214247841e+00
9.600000000000000000e+01, 9.883391629061224481e-01
9.610000000000000853e+01, 1.068429787716275836e+00
9.620000000000000284e+01, 9.571611955481474920e-01
9.630000000000001137e+01, 9.348044540308254602e-01
9.640000000000000568e+01, 1.102598143236018791e+00
9.650000000000000000e+01, 1.011911428295799276e+00
9.660000000000000853e+01, 1.128346444556365791e+00
9.670000000000000284e+01, 9.763513858695185288e-01
9.680000000000001137e+01, 9.068424547209639197e-01
9.690000000000000568e+01, 8.788416535624694603e-01
9.700000000000000000e+01, 1.047791929237828157e+00
9.710000000000000853e+01, 1.170489974145983991e+00
9.720000000000000284e+01, 9.726818977200217820e-01
9.730000000000001137e+01, 8.905065238340006406e-01
9.740000000000000568e+01, 1.141551377475950257e+00
9.750000000000000000e+01, 9.588581248035547011e-01
9.760000000000000853e+01, 1.096237746706264948e+00
9.770000000000000284e+01, 1.000983816729920317e+00
9.780000000000001137e+01, 9.603162237551464697e-01
9.790000000000000568e+01, 1.016242986750321098e+00
9.800000000000000000e+01, 9.832674741976640265e-01
9.810000000000000853e+01, 1.173937360129977403e+00
9.820000000000000284e+01, 1.049359144349748751e+00
9.830000000000001137e+01, 9.717108028102053874e-01
9.840000000000000568e+01, 9.143857486618391928e-01
9.850000000000000000e+01, 9.647018684223684915e-01
9.860000000000000853e+01, 8.932975734555673730e-01
9.870000000000000284e+01, 1.095027548910951776e+00
9.880000000000001137e+01, 9.102820068430915734e-01
9.890000000000000568e+01, 1.132645703452918706e+00
9.900000000000000000e+01, 1.058461644020374237e+00
9.910000000000000853e+01, 8.760612671208700686e-01
9.920000000000000284e+01, 9.359202757541464912e-01
9.930000000000001137e+01, 9.490912306801331244e-01
9.940000000000000568e+01, 9.079271467536812468e-01
9.950000000000000000e+01, 9.757242609295426750e-01
9.960000000000000853e+01, 1.171495921647081717e+00
9.970000000000000284e+01, 9.783335999705435881e-01
9.980000000000001137e+01, 9.990320352873347520e-01
9.990000000000000568e+01, 1.139340546981959745e+00
